CH	    Tc	    Tn-I     Tn-II
-----------------------------------

-0.0160  106.5   100.85
-0.0170  102.9   95.4

-0.0180  99.5    89.35 
-0.0190  96      82.4         NN

-0.0200  92.2	   74           NN
-0.0210	 88.5	   62.3         9.4 
-0.0211  88.2    60.7         13.1
-0.0213  87.4    57           19.3
-0.0215  86.7    52.5         25.5
-0.0217  85.8    43           35.5
-0.0218  85.5    NN


  SP's findings
=================

CH		  CHbox		  Tc		 Tn-I
----------------------------------
-0.020   +0.019		94.2 	 75.6
-0.020   +0.015		93.7   75.4
-0.020   +0.010   93.2   75.05
-0.020   +0.001   92.2   74
-0.020   -0.005   91.45  72.9
-0.020   -0.009   90.9   71.93

-0.021   +0.019   90.8   64.5
-0.021   +0.015   90.3   64.2
-0.021   +0.010   89.6   63.8
-0.021   +0.001   88.5   62.3
-0.021   -0.005   87.7   60.4
-0.021   -0.009   87.0   58.7

